N = 20;
Dist = [|0, 888, 473, 187, 52, 267, 389, 336, 217, 466, 335, 346, 780, 901, 389, 285, 771, 975, 852, 432
| 888, 0, 259, 855, 84, 482, 20, 768, 553, 54, 975, 359, 230, 666, 71, 800, 981, 668, 42, 773
| 473, 259, 0, 32, 973, 254, 205, 860, 21, 637, 157, 245, 130, 485, 686, 118, 578, 971, 224, 477
| 187, 855, 32, 0, 717, 263, 786, 378, 172, 621, 622, 987, 766, 736, 118, 797, 839, 168, 988, 319
| 52, 84, 973, 717, 0, 111, 593, 27, 952, 320, 590, 694, 930, 982, 385, 407, 965, 733, 204, 78
| 267, 482, 254, 263, 111, 0, 607, 708, 851, 643, 249, 105, 714, 792, 309, 871, 701, 615, 825, 124
| 389, 20, 205, 786, 593, 607, 0, 816, 580, 802, 43, 356, 546, 439, 678, 380, 71, 519, 664, 350
| 336, 768, 860, 378, 27, 708, 816, 0, 13, 870, 431, 843, 502, 109, 444, 984, 371, 651, 913, 849
| 217, 553, 21, 172, 952, 851, 580, 13, 0, 471, 725, 157, 446, 181, 752, 535, 989, 667, 277, 631
| 466, 54, 637, 621, 320, 643, 802, 870, 471, 0, 828, 942, 552, 794, 496, 477, 447, 846, 749, 607
| 335, 975, 157, 622, 590, 249, 43, 431, 725, 828, 0, 275, 331, 873, 252, 851, 958, 89, 286, 903
| 346, 359, 245, 987, 694, 105, 356, 843, 157, 942, 275, 0, 462, 250, 769, 476, 584, 625, 685, 389
| 780, 230, 130, 766, 930, 714, 546, 502, 446, 552, 331, 462, 0, 345, 30, 507, 872, 333, 187, 500
| 901, 666, 485, 736, 982, 792, 439, 109, 181, 794, 873, 250, 345, 0, 218, 364, 817, 265, 349, 287
| 389, 71, 686, 118, 385, 309, 678, 444, 752, 496, 252, 769, 30, 218, 0, 902, 611, 719, 902, 283
| 285, 800, 118, 797, 407, 871, 380, 984, 535, 477, 851, 476, 507, 364, 902, 0, 570, 11, 530, 971
| 771, 981, 578, 839, 965, 701, 71, 371, 989, 447, 958, 584, 872, 817, 611, 570, 0, 196, 88, 248
| 975, 668, 971, 168, 733, 615, 519, 651, 667, 846, 89, 625, 333, 265, 719, 11, 196, 0, 738, 417
| 852, 42, 224, 988, 204, 825, 664, 913, 277, 749, 286, 685, 187, 349, 902, 530, 88, 738, 0, 501
| 432, 773, 477, 319, 78, 124, 350, 849, 631, 607, 903, 389, 500, 287, 283, 971, 248, 417, 501, 0 |];