N = 20;
Dist = [|0, 569, 777, 247, 708, 488, 662, 729, 503, 459, 812, 18, 96, 302, 227, 415, 709, 250, 314, 680
| 569, 0, 596, 378, 485, 567, 544, 353, 436, 764, 564, 339, 361, 720, 465, 278, 314, 258, 237, 124
| 777, 596, 0, 739, 198, 324, 123, 761, 549, 974, 781, 707, 190, 197, 222, 757, 496, 284, 742, 604
| 247, 378, 739, 0, 779, 538, 612, 290, 103, 853, 199, 304, 233, 370, 184, 310, 15, 726, 547, 130
| 708, 485, 198, 779, 0, 281, 47, 998, 56, 567, 300, 715, 967, 130, 654, 890, 771, 503, 106, 894
| 488, 567, 324, 538, 281, 0, 13, 588, 292, 481, 491, 452, 349, 189, 989, 53, 259, 964, 883, 490
| 662, 544, 123, 612, 47, 13, 0, 117, 842, 67, 411, 504, 76, 591, 645, 703, 55, 156, 153, 831
| 729, 353, 761, 290, 998, 588, 117, 0, 577, 972, 312, 88, 255, 122, 572, 783, 427, 621, 611, 810
| 503, 436, 549, 103, 56, 292, 842, 577, 0, 634, 232, 795, 536, 390, 462, 931, 454, 305, 881, 603
| 459, 764, 974, 853, 567, 481, 67, 972, 634, 0, 440, 313, 583, 636, 62, 625, 984, 758, 102, 971
| 812, 564, 781, 199, 300, 491, 411, 312, 232, 440, 0, 782, 213, 641, 217, 271, 677, 84, 161, 246
| 18, 339, 707, 304, 715, 452, 504, 88, 795, 313, 782, 0, 178, 566, 77, 161, 3, 419, 462, 706
| 96, 361, 190, 233, 967, 349, 76, 255, 536, 583, 213, 178, 0, 609, 482, 299, 34, 238, 296, 724
| 302, 720, 197, 370, 130, 189, 591, 122, 390, 636, 641, 566, 609, 0, 290, 720, 881, 465, 73, 704
| 227, 465, 222, 184, 654, 989, 645, 572, 462, 62, 217, 77, 482, 290, 0, 240, 947, 271, 807, 811
| 415, 278, 757, 310, 890, 53, 703, 783, 931, 625, 271, 161, 299, 720, 240, 0, 641, 604, 678, 824
| 709, 314, 496, 15, 771, 259, 55, 427, 454, 984, 677, 3, 34, 881, 947, 641, 0, 957, 203, 436
| 250, 258, 284, 726, 503, 964, 156, 621, 305, 758, 84, 419, 238, 465, 271, 604, 957, 0, 118, 558
| 314, 237, 742, 547, 106, 883, 153, 611, 881, 102, 161, 462, 296, 73, 807, 678, 203, 118, 0, 231
| 680, 124, 604, 130, 894, 490, 831, 810, 603, 971, 246, 706, 724, 704, 811, 824, 436, 558, 231, 0 |];