N = 15;
Dist = [|0, 563, 170, 272, 541, 894, 622, 434, 988, 217, 952, 553, 774, 748, 707
| 563, 0, 206, 731, 320, 409, 688, 666, 383, 449, 922, 530, 463, 124, 254
| 170, 206, 0, 231, 66, 347, 22, 603, 568, 236, 603, 226, 8, 73, 725
| 272, 731, 231, 0, 647, 61, 235, 70, 928, 33, 881, 339, 73, 527, 244
| 541, 320, 66, 647, 0, 286, 686, 498, 220, 553, 136, 741, 958, 904, 585
| 894, 409, 347, 61, 286, 0, 591, 485, 249, 804, 485, 827, 417, 195, 97
| 622, 688, 22, 235, 686, 591, 0, 100, 675, 442, 363, 434, 421, 479, 885
| 434, 666, 603, 70, 498, 485, 100, 0, 747, 56, 690, 670, 662, 101, 63
| 988, 383, 568, 928, 220, 249, 675, 747, 0, 413, 746, 348, 820, 883, 112
| 217, 449, 236, 33, 553, 804, 442, 56, 413, 0, 255, 197, 195, 550, 460
| 952, 922, 603, 881, 136, 485, 363, 690, 746, 255, 0, 144, 433, 188, 286
| 553, 530, 226, 339, 741, 827, 434, 670, 348, 197, 144, 0, 474, 256, 896
| 774, 463, 8, 73, 958, 417, 421, 662, 820, 195, 433, 474, 0, 946, 78
| 748, 124, 73, 527, 904, 195, 479, 101, 883, 550, 188, 256, 946, 0, 454
| 707, 254, 725, 244, 585, 97, 885, 63, 112, 460, 286, 896, 78, 454, 0 |];