N = 15;
Dist = [|0, 272, 40, 112, 611, 445, 354, 747, 806, 322, 447, 621, 524, 119, 395
| 272, 0, 922, 591, 195, 261, 46, 726, 447, 2, 533, 948, 826, 552, 704
| 40, 922, 0, 737, 963, 760, 755, 687, 202, 373, 442, 72, 972, 681, 943
| 112, 591, 737, 0, 339, 639, 322, 680, 869, 128, 738, 922, 308, 520, 317
| 611, 195, 963, 339, 0, 683, 419, 335, 413, 714, 303, 568, 131, 197, 431
| 445, 261, 760, 639, 683, 0, 681, 963, 389, 694, 767, 925, 179, 631, 583
| 354, 46, 755, 322, 419, 681, 0, 309, 416, 562, 854, 1, 312, 294, 216
| 747, 726, 687, 680, 335, 963, 309, 0, 441, 805, 594, 622, 671, 330, 477
| 806, 447, 202, 869, 413, 389, 416, 441, 0, 453, 453, 692, 219, 524, 485
| 322, 2, 373, 128, 714, 694, 562, 805, 453, 0, 813, 923, 983, 816, 754
| 447, 533, 442, 738, 303, 767, 854, 594, 453, 813, 0, 174, 675, 87, 291
| 621, 948, 72, 922, 568, 925, 1, 622, 692, 923, 174, 0, 528, 680, 649
| 524, 826, 972, 308, 131, 179, 312, 671, 219, 983, 675, 528, 0, 635, 344
| 119, 552, 681, 520, 197, 631, 294, 330, 524, 816, 87, 680, 635, 0, 96
| 395, 704, 943, 317, 431, 583, 216, 477, 485, 754, 291, 649, 344, 96, 0 |];