N = 20;
Dist = [|0, 807, 520, 274, 841, 3, 290, 744, 306, 858, 602, 594, 676, 502, 887, 153, 458, 552, 496, 354
| 807, 0, 341, 566, 782, 557, 387, 467, 956, 330, 891, 194, 715, 245, 586, 393, 240, 877, 795, 421
| 520, 341, 0, 45, 326, 763, 485, 723, 936, 831, 391, 396, 680, 812, 841, 668, 156, 508, 988, 38
| 274, 566, 45, 0, 130, 515, 989, 605, 340, 891, 103, 896, 866, 451, 103, 539, 933, 468, 16, 740
| 841, 782, 326, 130, 0, 148, 420, 892, 671, 994, 159, 77, 481, 801, 993, 272, 347, 639, 710, 408
| 3, 557, 763, 515, 148, 0, 666, 83, 873, 337, 873, 691, 880, 547, 390, 978, 325, 642, 736, 909
| 290, 387, 485, 989, 420, 666, 0, 778, 500, 894, 555, 37, 633, 71, 241, 647, 701, 944, 295, 233
| 744, 467, 723, 605, 892, 83, 778, 0, 765, 93, 445, 101, 779, 649, 721, 894, 103, 455, 171, 711
| 306, 956, 936, 340, 671, 873, 500, 765, 0, 307, 926, 30, 48, 333, 816, 58, 301, 368, 384, 442
| 858, 330, 831, 891, 994, 337, 894, 93, 307, 0, 150, 251, 544, 422, 580, 699, 812, 185, 175, 180
| 602, 891, 391, 103, 159, 873, 555, 445, 926, 150, 0, 81, 625, 892, 392, 635, 700, 247, 510, 935
| 594, 194, 396, 896, 77, 691, 37, 101, 30, 251, 81, 0, 598, 147, 238, 473, 654, 261, 471, 262
| 676, 715, 680, 866, 481, 880, 633, 779, 48, 544, 625, 598, 0, 683, 10, 921, 824, 477, 923, 295
| 502, 245, 812, 451, 801, 547, 71, 649, 333, 422, 892, 147, 683, 0, 694, 560, 162, 76, 453, 968
| 887, 586, 841, 103, 993, 390, 241, 721, 816, 580, 392, 238, 10, 694, 0, 354, 602, 307, 655, 986
| 153, 393, 668, 539, 272, 978, 647, 894, 58, 699, 635, 473, 921, 560, 354, 0, 435, 707, 257, 468
| 458, 240, 156, 933, 347, 325, 701, 103, 301, 812, 700, 654, 824, 162, 602, 435, 0, 866, 310, 204
| 552, 877, 508, 468, 639, 642, 944, 455, 368, 185, 247, 261, 477, 76, 307, 707, 866, 0, 394, 874
| 496, 795, 988, 16, 710, 736, 295, 171, 384, 175, 510, 471, 923, 453, 655, 257, 310, 394, 0, 495
| 354, 421, 38, 740, 408, 909, 233, 711, 442, 180, 935, 262, 295, 968, 986, 468, 204, 874, 495, 0 |];