N = 20;
Dist = [|0, 664, 153, 931, 273, 847, 146, 74, 62, 170, 812, 315, 610, 767, 845, 583, 944, 296, 450, 128
| 664, 0, 480, 706, 312, 717, 413, 966, 279, 513, 553, 506, 449, 83, 613, 41, 911, 443, 753, 331
| 153, 480, 0, 619, 257, 27, 94, 235, 985, 691, 857, 882, 590, 602, 974, 22, 784, 689, 842, 276
| 931, 706, 619, 0, 591, 42, 782, 775, 180, 482, 532, 668, 453, 939, 285, 186, 600, 447, 651, 834
| 273, 312, 257, 591, 0, 504, 993, 94, 482, 357, 419, 342, 329, 687, 108, 879, 165, 338, 422, 711
| 847, 717, 27, 42, 504, 0, 508, 296, 679, 968, 411, 834, 779, 564, 38, 466, 91, 323, 259, 332
| 146, 413, 94, 782, 993, 508, 0, 119, 994, 792, 414, 886, 527, 845, 2, 674, 891, 556, 474, 424
| 74, 966, 235, 775, 94, 296, 119, 0, 56, 193, 531, 371, 638, 775, 511, 641, 453, 779, 53, 209
| 62, 279, 985, 180, 482, 679, 994, 56, 0, 274, 563, 135, 950, 295, 449, 902, 716, 497, 125, 30
| 170, 513, 691, 482, 357, 968, 792, 193, 274, 0, 997, 646, 624, 819, 246, 727, 163, 319, 565, 15
| 812, 553, 857, 532, 419, 411, 414, 531, 563, 997, 0, 566, 418, 96, 231, 862, 935, 117, 473, 970
| 315, 506, 882, 668, 342, 834, 886, 371, 135, 646, 566, 0, 121, 664, 853, 158, 511, 956, 734, 299
| 610, 449, 590, 453, 329, 779, 527, 638, 950, 624, 418, 121, 0, 522, 723, 280, 426, 855, 495, 484
| 767, 83, 602, 939, 687, 564, 845, 775, 295, 819, 96, 664, 522, 0, 250, 468, 565, 149, 393, 196
| 845, 613, 974, 285, 108, 38, 2, 511, 449, 246, 231, 853, 723, 250, 0, 944, 614, 521, 765, 901
| 583, 41, 22, 186, 879, 466, 674, 641, 902, 727, 862, 158, 280, 468, 944, 0, 140, 885, 72, 283
| 944, 911, 784, 600, 165, 91, 891, 453, 716, 163, 935, 511, 426, 565, 614, 140, 0, 792, 809, 875
| 296, 443, 689, 447, 338, 323, 556, 779, 497, 319, 117, 956, 855, 149, 521, 885, 792, 0, 425, 349
| 450, 753, 842, 651, 422, 259, 474, 53, 125, 565, 473, 734, 495, 393, 765, 72, 809, 425, 0, 957
| 128, 331, 276, 834, 711, 332, 424, 209, 30, 15, 970, 299, 484, 196, 901, 283, 875, 349, 957, 0 |];