N = 20;
Dist = [|0, 839, 975, 770, 241, 689, 318, 231, 826, 204, 151, 26, 48, 251, 487, 626, 871, 787, 75, 467
| 839, 0, 425, 908, 645, 590, 200, 736, 714, 394, 507, 410, 250, 152, 672, 705, 6, 915, 769, 882
| 975, 425, 0, 789, 907, 110, 798, 436, 225, 181, 824, 981, 713, 531, 476, 52, 571, 256, 940, 869
| 770, 908, 789, 0, 125, 468, 137, 821, 476, 684, 544, 573, 610, 325, 973, 774, 913, 454, 628, 835
| 241, 645, 907, 125, 0, 737, 914, 517, 437, 851, 929, 562, 457, 919, 163, 762, 883, 487, 461, 266
| 689, 590, 110, 468, 737, 0, 770, 254, 861, 653, 284, 785, 797, 534, 497, 642, 245, 282, 451, 80
| 318, 200, 798, 137, 914, 770, 0, 731, 293, 241, 279, 344, 328, 915, 554, 83, 142, 155, 237, 393
| 231, 736, 436, 821, 517, 254, 731, 0, 711, 157, 724, 220, 66, 425, 418, 339, 556, 478, 426, 64
| 826, 714, 225, 476, 437, 861, 293, 711, 0, 212, 853, 431, 399, 927, 789, 599, 969, 713, 21, 878
| 204, 394, 181, 684, 851, 653, 241, 157, 212, 0, 902, 784, 590, 390, 489, 7, 966, 361, 306, 772
| 151, 507, 824, 544, 929, 284, 279, 724, 853, 902, 0, 400, 874, 914, 977, 856, 430, 552, 766, 753
| 26, 410, 981, 573, 562, 785, 344, 220, 431, 784, 400, 0, 560, 820, 618, 920, 226, 500, 225, 280
| 48, 250, 713, 610, 457, 797, 328, 66, 399, 590, 874, 560, 0, 447, 498, 30, 399, 345, 685, 696
| 251, 152, 531, 325, 919, 534, 915, 425, 927, 390, 914, 820, 447, 0, 818, 415, 742, 170, 861, 479
| 487, 672, 476, 973, 163, 497, 554, 418, 789, 489, 977, 618, 498, 818, 0, 942, 131, 638, 547, 28
| 626, 705, 52, 774, 762, 642, 83, 339, 599, 7, 856, 920, 30, 415, 942, 0, 929, 404, 607, 578
| 871, 6, 571, 913, 883, 245, 142, 556, 969, 966, 430, 226, 399, 742, 131, 929, 0, 679, 28, 86
| 787, 915, 256, 454, 487, 282, 155, 478, 713, 361, 552, 500, 345, 170, 638, 404, 679, 0, 659, 439
| 75, 769, 940, 628, 461, 451, 237, 426, 21, 306, 766, 225, 685, 861, 547, 607, 28, 659, 0, 139
| 467, 882, 869, 835, 266, 80, 393, 64, 878, 772, 753, 280, 696, 479, 28, 578, 86, 439, 139, 0 |];