N = 15;
Dist = [|0, 828, 883, 877, 564, 101, 52, 668, 554, 857, 16, 993, 96, 949, 772
| 828, 0, 870, 243, 171, 417, 498, 493, 219, 886, 411, 925, 61, 169, 389
| 883, 870, 0, 3, 400, 272, 949, 803, 804, 466, 293, 434, 714, 981, 749
| 877, 243, 3, 0, 803, 570, 678, 736, 499, 159, 195, 304, 223, 992, 60
| 564, 171, 400, 803, 0, 594, 754, 556, 63, 766, 322, 59, 52, 599, 489
| 101, 417, 272, 570, 594, 0, 515, 942, 874, 544, 162, 59, 984, 521, 83
| 52, 498, 949, 678, 754, 515, 0, 872, 191, 71, 610, 70, 692, 883, 241
| 668, 493, 803, 736, 556, 942, 872, 0, 414, 123, 965, 912, 584, 253, 593
| 554, 219, 804, 499, 63, 874, 191, 414, 0, 609, 41, 635, 84, 430, 674
| 857, 886, 466, 159, 766, 544, 71, 123, 609, 0, 598, 579, 536, 324, 958
| 16, 411, 293, 195, 322, 162, 610, 965, 41, 598, 0, 268, 210, 686, 734
| 993, 925, 434, 304, 59, 59, 70, 912, 635, 579, 268, 0, 322, 245, 272
| 96, 61, 714, 223, 52, 984, 692, 584, 84, 536, 210, 322, 0, 406, 135
| 949, 169, 981, 992, 599, 521, 883, 253, 430, 324, 686, 245, 406, 0, 688
| 772, 389, 749, 60, 489, 83, 241, 593, 674, 958, 734, 272, 135, 688, 0 |];