N = 15;
Dist = [|0, 661, 308, 469, 324, 952, 770, 959, 75, 10, 470, 637, 577, 103, 76
| 661, 0, 551, 219, 519, 272, 136, 956, 358, 903, 71, 901, 251, 379, 292
| 308, 551, 0, 162, 449, 854, 557, 721, 310, 627, 827, 670, 542, 9, 684
| 469, 219, 162, 0, 837, 568, 307, 955, 680, 107, 962, 900, 138, 271, 119
| 324, 519, 449, 837, 0, 912, 110, 761, 567, 160, 279, 289, 620, 216, 735
| 952, 272, 854, 568, 912, 0, 352, 209, 704, 650, 874, 271, 518, 501, 258
| 770, 136, 557, 307, 110, 352, 0, 928, 930, 867, 53, 95, 650, 434, 850
| 959, 956, 721, 955, 761, 209, 928, 0, 284, 46, 4, 342, 790, 134, 653
| 75, 358, 310, 680, 567, 704, 930, 284, 0, 269, 166, 760, 453, 565, 723
| 10, 903, 627, 107, 160, 650, 867, 46, 269, 0, 438, 575, 10, 115, 78
| 470, 71, 827, 962, 279, 874, 53, 4, 166, 438, 0, 968, 905, 708, 926
| 637, 901, 670, 900, 289, 271, 95, 342, 760, 575, 968, 0, 153, 559, 37
| 577, 251, 542, 138, 620, 518, 650, 790, 453, 10, 905, 153, 0, 855, 379
| 103, 379, 9, 271, 216, 501, 434, 134, 565, 115, 708, 559, 855, 0, 597
| 76, 292, 684, 119, 735, 258, 850, 653, 723, 78, 926, 37, 379, 597, 0 |];