N = 15;
Dist = [|0, 566, 152, 441, 131, 43, 316, 374, 921, 956, 816, 996, 882, 41, 921
| 566, 0, 367, 216, 699, 256, 683, 106, 363, 799, 574, 906, 896, 417, 998
| 152, 367, 0, 636, 768, 159, 948, 953, 243, 886, 167, 1000, 820, 831, 182
| 441, 216, 636, 0, 903, 423, 26, 184, 755, 947, 341, 802, 954, 422, 822
| 131, 699, 768, 903, 0, 686, 885, 753, 831, 255, 274, 164, 807, 719, 111
| 43, 256, 159, 423, 686, 0, 392, 894, 40, 880, 482, 228, 205, 837, 941
| 316, 683, 948, 26, 885, 392, 0, 472, 359, 313, 841, 815, 893, 234, 229
| 374, 106, 953, 184, 753, 894, 472, 0, 25, 676, 198, 409, 337, 286, 886
| 921, 363, 243, 755, 831, 40, 359, 25, 0, 72, 991, 792, 286, 360, 657
| 956, 799, 886, 947, 255, 880, 313, 676, 72, 0, 522, 410, 696, 864, 550
| 816, 574, 167, 341, 274, 482, 841, 198, 991, 522, 0, 340, 962, 29, 119
| 996, 906, 1000, 802, 164, 228, 815, 409, 792, 410, 340, 0, 899, 994, 268
| 882, 896, 820, 954, 807, 205, 893, 337, 286, 696, 962, 899, 0, 183, 595
| 41, 417, 831, 422, 719, 837, 234, 286, 360, 864, 29, 994, 183, 0, 986
| 921, 998, 182, 822, 111, 941, 229, 886, 657, 550, 119, 268, 595, 986, 0 |];